name: se3
channels:
  - pytorch-nightly
  - anaconda
  - defaults
dependencies:
  - _libgcc_mutex=0.1=main
  - backcall=0.1.0=py38_0
  - biopython=1.76=py38h7b6447c_0
  - blas=1.0=mkl
  - bzip2=1.0.8=h7b6447c_0
  - ca-certificates=2021.1.19=h06a4308_0
  - certifi=2020.12.5=py38h06a4308_0
  - cudatoolkit=10.1.243=h6bb024c_0
  - decorator=4.4.1=py_0
  - ffmpeg=4.2.2=h20bf706_0
  - freetype=2.9.1=h8a8886c_1
  - gmp=6.2.1=h2531618_2
  - gnutls=3.6.5=h71b1129_1002
  - h5py=2.10.0=py38hd6299e0_1
  - hdf5=1.10.6=hb1b8bf9_0
  - intel-openmp=2020.0=166
  - ipython=7.12.0=py38h5ca1d4c_0
  - ipython_genutils=0.2.0=py38_0
  - jedi=0.16.0=py38_0
  - jpeg=9b=h024ee3a_2
  - lame=3.100=h7b6447c_0
  - ld_impl_linux-64=2.33.1=h53a641e_7
  - libedit=3.1.20181209=hc058e9b_0
  - libffi=3.2.1=hd88cf55_4
  - libgcc-ng=9.1.0=hdf63c60_0
  - libgfortran-ng=7.3.0=hdf63c60_0
  - libopus=1.3.1=h7b6447c_0
  - libpng=1.6.37=hbc83047_0
  - libstdcxx-ng=9.1.0=hdf63c60_0
  - libtiff=4.1.0=h2733197_0
  - libuv=1.40.0=h7b6447c_0
  - libvpx=1.7.0=h439df22_0
  - mkl=2020.0=166
  - mkl-service=2.3.0=py38he904b0f_0
  - mkl_fft=1.0.15=py38ha843d7b_0
  - mkl_random=1.1.0=py38h962f231_0
  - ncurses=6.2=he6710b0_0
  - nettle=3.4.1=hbb512f6_0
  - ninja=1.9.0=py38hfd86e86_0
  - numpy=1.18.1=py38h4f9e942_0
  - numpy-base=1.18.1=py38hde5b4d6_1
  - olefile=0.46=py_0
  - openh264=2.1.0=hd408876_0
  - openssl=1.1.1j=h27cfd23_0
  - parso=0.6.1=py_0
  - pexpect=4.8.0=py38_0
  - pickleshare=0.7.5=py38_1000
  - pillow=7.0.0=py38hb39fc2d_0
  - pip=20.0.2=py38_1
  - prompt_toolkit=3.0.3=py_0
  - ptyprocess=0.6.0=py38_0
  - pygments=2.5.2=py_0
  - python=3.8.1=h0371630_1
  - pytorch=1.9.0.dev20210213=py3.8_cuda10.1_cudnn7.6.3_0
  - readline=7.0=h7b6447c_5
  - setuptools=46.0.0=py38_0
  - six=1.14.0=py38_0
  - sqlite=3.31.1=h7b6447c_0
  - tk=8.6.8=hbc83047_0
  - torchvision=0.9.0.dev20210213=py38_cu101
  - traitlets=4.3.3=py38_0
  - typing_extensions=3.7.4.3=pyha847dfd_0
  - wcwidth=0.1.8=py_0
  - wheel=0.34.2=py38_0
  - x264=1!157.20191217=h7b6447c_0
  - xz=5.2.4=h14c3975_4
  - zlib=1.2.11=h7b6447c_3
  - zstd=1.3.7=h0b5b093_0
  - pip:
    - chardet==3.0.4
    - dgl-cu101==0.6a210202
    - idna==2.9
    - lie-learn==0.0.1.post1
    - networkx==2.5
    - plotext==2.2.2
    - pyfiglet==0.8.post1
    - requests==2.23.0
    - scipy==1.4.1
    - termplotlib==0.3.4
    - urllib3==1.25.9
prefix: /data/anaconda3/envs/torch

